1 [5, 8, 0] HN 121
2 [6, 0, 6] vQ 121
3 [1, 8, 1] 9Y 121
4 [0, 8, 8] jE 121
5 [1, 0, 6] Xs 121
6 [2, 6, 8] V7 121
7 [4, 2, 4] vZ 121
8 [3, 3, 6] PR 121
9 [0, 3, 1] Ki 121
10 [6, 0, 0] G9 121
11 [2, 5, 2] Mk 121
12 [2, 4, 2] h1 121
13 [7, 5, 0] sv 121
14 [5, 1, 3] Nd 121
15 [3, 7, 2] DN 121
16 [3, 4, 8] 83 121
17 [1, 7, 7] Sr 121
18 [7, 3, 1] be 121
19 [3, 7, 7] 6u 121
20 [0, 4, 3] uc 121
21 [4, 1, 4] 8B 121
22 [3, 8, 1] VU 121
23 [2, 2, 0] uF 121
24 [4, 4, 2] jI 121
25 [3, 5, 4] 67 121
26 [3, 3, 0] IA 121
27 [1, 0, 8] lB 121
28 [5, 0, 4] UO 121
29 [3, 2, 7] EW 121
30 [2, 8, 5] r6 121
31 [2, 8, 8] Fw 121
32 [2, 7, 6] dJ 121
33 [6, 1, 7] rX 121
34 [4, 0, 0] PX 121
35 [4, 4, 6] 1K 121
36 [7, 8, 3] Q8 121
37 [2, 3, 3] j9 121
38 [6, 7, 4] 0e 121
39 [5, 7, 6] iL 121
40 [2, 5, 3] 2h 121
41 [1, 2, 4] 5V 121
42 [3, 5, 0] IX 121
43 [4, 1, 0] Nl 121
44 [4, 4, 1] 3G 121
45 [7, 3, 8] j2 121
46 [6, 7, 4] eu 121
47 [4, 8, 3] gi 121
48 [4, 8, 4] RS 121
49 [5, 6, 2] vp 121
50 [7, 6, 8] VM 121
51 [1, 5, 7] Fg 121
52 [7, 7, 1] fW 121
53 [6, 7, 5] oP 121
54 [5, 7, 3] Qo 121
55 [1, 8, 1] dM 121
56 [6, 1, 2] 9A 121
57 [3, 3, 8] QP 121
58 [3, 5, 3] ds 121
59 [8, 6, 2] Hw 121
60 [7, 5, 1] r6 121
61 [3, 6, 7] F7 121
62 [3, 0, 6] iU 121
63 [4, 6, 5] ZG 121
64 [7, 7, 3] L3 121
65 [1, 4, 2] VM 121
66 [5, 8, 8] ck 121
67 [8, 0, 6] Uh 121
68 [4, 5, 8] 7o 121
69 [1, 7, 4] nO 121
70 [0, 1, 6] gr 121
71 [2, 6, 6] Qu 121
72 [1, 3, 6] FA 121
73 [1, 7, 1] mF 121
74 [2, 5, 8] 5J 121
75 [1, 0, 7] OD 121
76 [0, 6, 8] qv 121
77 [2, 6, 3] OD 121
78 [8, 6, 0] qv 121
79 [7, 0, 6] zD 121
80 [4, 5, 2] o9 121
81 [0, 2, 1] xI 121
82 [1, 8, 5] tR 121
83 [4, 3, 3] OY 121
84 [1, 7, 7] Sy 121
85 [6, 8, 8] D6 121
86 [7, 1, 0] jP 121
87 [0, 1, 8] Qs 121
88 [1, 8, 6] Dy 121
89 [4, 3, 2] yu 121
90 [2, 4, 4] 7E 121
91 [4, 3, 2] Gx 121
92 [0, 8, 8] Q6 121
93 [2, 3, 1] 0B 121
94 [5, 5, 1] RO 121
95 [3, 1, 6] jW 121
96 [0, 8, 4] xQ 121
97 [8, 2, 1] jP 121
98 [0, 5, 0] 0l 121
99 [4, 5, 8] 3C 121
100 [0, 1, 3] l1 121
